============================================================
Tested at 21:22:48 on 26 Dec 2016
sfo2: 29.4228525856
sfo1: 16.5540724446
blr1: 161.069557407
sgp1: 69.7797665256
lon1: 16.6679796176
tor1: 8.35106031205
fra1: 588.355004962
nyc2: 74.3261447166
nyc3: 268.554111599
nyc1: 19.6710742493
ams3: 961.200181365
ams2: 1419.86093323

